67
13
103
67
44
46
33
103
29
59
96
88
19
15
56
105
31
42
25
72
70
103
87
21
21
23
96
12
26
103
63
77
7
63
44
59
8
79
103
42
42
53
12
42
40
16
14
95
37
13
60
70
42
41
69
59
24
49
46
77
44
99
53
12
46
42
3
25
48
15
96
84
44
40
86
100
83
31
59
7
44
96
87
91
88
42
28
13
77
70
16
12
53
86
7
47
49
79
92
94
63
98
44
59
12
44
103
33
22
27
11
95
16
37
99
67
103
46
56
13
71
44
21
15
23
26
59
42
46
19
41
11
90
15
25
72
42
34
63
31
53
7
47
77
87
42
23
69
59
11
70
60
79
100
91
7
58
44
12
95
92
22
8
86
16
103
32
16
15
24
103
49
48
96
44
47
9
99
88
49
56
94
23
51
42
3
37
40
48
13
59
65
26
98
103
85
83
33
53
100
67
90
44
19
105
73
46
42
13
72
12
69
21
44
48
85
87
42
46
63
16
74
14
77
103
29
60
70
40
7
8
48
85
91
86
86
77
25
103
21
70
48
15
63
56
41
67
49
103
42
44
24
63
15
59
23
77
3
103
94
11
40
42
84
69
43
98
33
16
19
15
87
16
91
83
13
37
56
26
12
31
79
42
7
67
90
49
47
79
13
59
11
72
59
87
23
42
27
103
60
96
26
71
29
14
95
48
91
69
16
77
88
44
41
44
15
99
56
46
21
25
8
92
103
77
47
23
67
46
70
86
15
101
49
86
58
94
59
103
31
63
29
28
48
44
32
42
42
23
90
98
92
47
33
26
15
34
19
67
83
42
70
90
44
24
53
12
42
51
29
15
7
44
14
3
103
67
40
11
77
59
8
103
96
103
42
13
103
15
44
63
103
53
72
69
105
44
73
48
42
90
29
87
21
21
83
79
42
44
16
90
101
24
37
60
16
63
42
70
95
56
23
77
49
47
40
22
91
85
99
44
47
86
86
42
41
63
49
3
69
16
59
15
94
56
77
13
40
11
12
98
59
13
96
100
84
7
46
92
33
87
14
19
44
23
42
72
67
11
53
87
92
12
69
46
70
8
21
25
60
79
15
86
91
44
15
42
103
31
26
16
27
88
7
77
44
95
103
11
42